# Here follows a sample script output with threshold at 500mV.
16 12 2019 20:02:29:032318 1905.395508
16 12 2019 20:02:29:661477 2006.103516
16 12 2019 20:02:29:974563 2353.344727
16 12 2019 20:02:35:563374 637.280273
16 12 2019 20:02:38:132335 945.849609
16 12 2019 20:02:40:052962 1232.666016
16 12 2019 20:02:47:252383 740.405273
16 12 2019 20:02:49:875807 617.944336
16 12 2019 20:02:50:090112 833.862305
16 12 2019 20:02:50:899239 2137.426758
16 12 2019 20:02:54:236566 611.499023
16 12 2019 20:02:55:354572 2894.750977
16 12 2019 20:03:01:344491 1058.642578
16 12 2019 20:03:01:598450 638.085938
16 12 2019 20:03:08:978122 843.530273
16 12 2019 20:03:14:353200 534.155273
16 12 2019 20:03:16:421000 635.668945
16 12 2019 20:03:23:882865 782.299805
16 12 2019 20:03:27:880568 751.684570
16 12 2019 20:03:30:126492 538.989258
16 12 2019 20:03:31:966333 624.389648
16 12 2019 20:03:36:929001 743.627930
16 12 2019 20:03:37:031067 545.434570
16 12 2019 20:03:37:459302 894.287109
16 12 2019 20:03:41:884064 817.749023
16 12 2019 20:03:43:508196 774.243164
16 12 2019 20:03:46:330323 1168.212891
16 12 2019 20:03:52:519444 566.381836
16 12 2019 20:03:53:527268 520.458984
16 12 2019 20:03:54:553215 918.457031
16 12 2019 20:03:55:004709 1346.264648
16 12 2019 20:03:57:857443 1235.083008
16 12 2019 20:03:58:514572 713.012695
16 12 2019 20:04:02:704138 601.831055
16 12 2019 20:04:05:896659 891.870117
16 12 2019 20:04:07:903895 1599.243164
16 12 2019 20:04:08:427360 983.715820
